PASSOS 8

[0, 2, 3] [4, 1, 3] [4, 1, 3] [2, 4, 3] [2, 3, 6]
[1, 6, 8] [7, 2, 6] [7, 0, 6] [1, 8, 5] [1, 5, 8]
[4, 7, 5] [5, 8, 0] [5, 2, 8] [0, 7, 6] [4, 7, 0]

PASSOS 10

[1, 3, 6] [1, 2, 3] [1, 3, 5] [1, 4, 2] [1, 3, 0]
[2, 0, 8] [6, 0, 8] [8, 2, 6] [7, 0, 3] [4, 6, 5]
[4, 7, 5] [5, 4, 7] [4, 7, 0] [5, 8, 6] [7, 2, 8]

PASSOS 12

[1, 3, 0] [5, 1, 6] [1, 3, 5] [4, 3, 0] [1, 2, 0]
[7, 2, 8] [3, 0, 2] [7, 0, 6] [2, 8, 5] [4, 7, 3]
[6, 4, 5] [4, 7, 8] [8, 2, 4] [1, 7, 6] [8, 5, 6]

PASSOS 14

[1, 4, 2] [6, 2, 0] [3, 5, 6] [2, 3, 5] [7, 5, 1]
[7, 0, 6] [1, 4, 5] [4, 1, 2] [8, 4, 6] [2, 0, 3]
[8, 5, 3] [7, 8, 3] [0, 7, 8] [1, 7, 0] [8, 4, 6]

PASSOS 16

[1, 2, 4] [0, 7, 4] [4, 3, 6] [1, 5, 6] [1, 2, 3]
[8, 7, 5] [1, 5, 3] [1, 7, 8] [2, 0, 8] [4, 7, 5]
[0, 6, 3] [8, 2, 6] [2, 5, 0] [4, 3, 7] [0, 6, 8]

PASSOS 18

[5, 1, 7] [0, 1, 3] [5, 8, 2] [4, 1, 8] [4, 3, 0]
[4, 3, 2] [8, 2, 6] [4, 0, 7] [3, 2, 5] [7, 5, 2]
[8, 6, 0] [7, 4, 5] [6, 1, 3] [0, 7, 6] [8, 1, 6]

PASSOS 20

[7, 3, 0] [1, 4, 0] [1, 2, 6] [2, 5, 0] [3, 1, 2]
[2, 4, 8] [3, 8, 2] [8, 7, 4] [1, 8, 7] [4, 0, 5]
[1, 6, 5] [7, 6, 5] [0, 5, 3] [4, 3, 6] [6, 7, 8]
																																																																																